# UBR1,UBL1,HdL1,HdL1,LBR1,LBL1,HdL1,ElL1,ElR1,HnR1,HnL1,KnR1,KnL1,FtR1,FtL1,FtL2,KnR2,KnL2,HnL2,HnR2,ElL2,ElR2,HdL2,HdR2,HdL2,LBR2,LBL2,UBL2,UBR2
7.192216907200224552e-02,6.457959983519538649e-02,8.537427299288861959e-02,7.987570477881453246e-02,4.754216390811907139e-02,4.729243656552733349e-02,8.032451248306997360e-02,7.600200264666437389e-02,8.461176585012324114e-02,1.047069455064781052e-01,7.124886256089638104e-02,6.653248643111561722e-02,5.862103503594526255e-02,1.244061190715833876e-01,1.223080324089014376e-01,-1.032886036930955476e-03,-5.907297964933165210e-03,-2.642811877369418121e-03,-4.663798051977323389e-02,-3.388180119125300260e-02,-2.214974015027381879e-02,-2.935602809985130360e-02,-1.076333792577953072e-02,-1.375092258746368930e-02,-1.270741802922031871e-02,-3.474099642383396934e-03,-5.047100729878218305e-03,-6.298104674175442584e-03,-5.446081933400927048e-03
6.457959983519538649e-02,6.539685971247170826e-02,8.032383376798675478e-02,7.290084953631868758e-02,3.757177772956440953e-02,4.444993913116884743e-02,7.614954905909543381e-02,7.685415359820926828e-02,7.260177415512956978e-02,8.831383316941446293e-02,7.397985153890673793e-02,4.976436878491822396e-02,6.158508776459742373e-02,8.079613940238918046e-02,1.313814572171673190e-01,-8.115485610600394004e-04,-5.421456171776250187e-03,-2.426218553312523354e-03,-4.182895789119410457e-02,-3.513042813426738020e-02,-1.903838979480627219e-02,-2.836411886692043541e-02,-1.066877956886742689e-02,-1.313013434223811102e-02,-1.259078210339658298e-02,-3.388847136928193129e-03,-4.928542861760053240e-03,-6.253936435440954865e-03,-5.428945171601274981e-03
8.537427299288861959e-02,8.032383376798675478e-02,1.815859980813099295e-01,1.418279672761266486e-01,5.817662632504467385e-02,6.072400518460729923e-02,1.329546267379591584e-01,1.005462655300525393e-01,1.185932324619242278e-01,1.360305770537417192e-01,8.534873453471962523e-02,7.838887177858096245e-02,7.158899366697063504e-02,1.743294885749344381e-01,1.438527656062758286e-01,2.275844528935487218e-04,-8.242410201438290021e-03,-2.480467928462522665e-03,-8.828506052291107062e-03,3.089053492291081188e-03,-1.658246875122536962e-02,-2.965085230175100797e-02,-6.853000472290821619e-03,-8.315326847461888479e-03,-8.351449032265248137e-03,-3.030279994910650698e-03,-4.579220004789888269e-03,-6.251652844902732750e-03,-4.232126760239423614e-03
7.987570477881453246e-02,7.290084953631868758e-02,1.418279672761266486e-01,2.508922195013434941e-01,5.653419787935025365e-02,5.537923783079146817e-02,1.211524531818112677e-01,9.147967731782999379e-02,9.868402674221286863e-02,9.886729506403132972e-02,7.807370821867612443e-02,7.720668856934986835e-02,6.523640819333255403e-02,1.794050295528731021e-01,1.300717475942924084e-01,-1.719549567818361244e-03,-8.839379458286280092e-03,-1.988405137130813596e-03,-3.276393746555949366e-02,1.899813843774394995e-02,-1.471805602939204802e-02,-2.334395486937876352e-02,-1.249435471367632382e-02,-1.504269654136924060e-02,-1.500513554455928066e-02,-2.503719722432847655e-03,-4.746187460164326584e-03,-6.032928203654783043e-03,-5.462245305925806510e-03
4.754216390811907139e-02,3.757177772956440953e-02,5.817662632504467385e-02,5.653419787935025365e-02,5.441487896681454495e-02,3.475217502141046688e-02,5.524637883053912235e-02,4.844614858150495668e-02,6.745605981939542528e-02,8.787609167159800283e-02,3.592889865539684868e-02,6.380366346919130738e-02,3.213983493423526461e-02,1.178333756518507996e-01,6.662581301532830014e-02,-9.190010056828776903e-04,-4.422521639847263285e-03,-1.727267301445463638e-03,-2.805760007570154771e-02,-3.104651594576101140e-02,-1.382291442171589696e-02,-2.154147138756195776e-02,-3.646654776171535071e-03,-5.453785020804422477e-03,-3.983872695797102507e-03,-1.737643911796857938e-03,-2.954821357218577471e-03,-3.823877495324768012e-03,-3.300645998145795672e-03
4.729243656552733349e-02,4.444993913116884743e-02,6.072400518460729923e-02,5.537923783079146817e-02,3.475217502141046688e-02,5.959410606284312045e-02,5.870372495302589311e-02,5.781030950045499411e-02,5.172040834766868100e-02,2.992710467607495942e-02,5.430166453343767546e-02,4.687183917310762393e-02,5.044313746602206716e-02,9.084762650845754073e-02,1.089758653918542486e-01,-1.553437417589370378e-03,-5.036891214175708356e-03,-2.099057649981172276e-03,-3.156197015804138029e-02,-4.820987276753244816e-02,-1.530330857964298102e-02,-2.504695921049687052e-02,-5.887824736291709729e-03,-7.619684452291241618e-03,-6.686181130481125279e-03,-2.742727140809743131e-03,-3.592457691404383688e-03,-4.986703844407748033e-03,-4.365751367317082313e-03
8.032451248306997360e-02,7.614954905909543381e-02,1.329546267379591584e-01,1.211524531818112677e-01,5.524637883053912235e-02,5.870372495302589311e-02,1.238785491053144283e-01,9.716622698245283574e-02,9.466356897503122592e-02,8.905190312656839635e-02,8.328750328067219266e-02,7.431359354165557873e-02,6.998659699685333413e-02,1.714508532921891482e-01,1.418945384702228474e-01,-1.017272467727456864e-03,-6.724036145393793434e-03,-2.013684979531452438e-03,-1.168364408103575447e-02,2.048208859217163710e-03,-1.342740323165873655e-02,-2.430446167893084153e-02,-6.556638169414222284e-03,-8.378315605559415874e-03,-7.418033892317495159e-03,-2.444960568867340749e-03,-4.543034861699555074e-03,-5.159468924105447933e-03,-3.673097443171574692e-03
7.600200264666437389e-02,7.685415359820926828e-02,1.005462655300525393e-01,9.147967731782999379e-02,4.844614858150495668e-02,5.781030950045499411e-02,9.716622698245283574e-02,1.131349343243919364e-01,8.952264935577348981e-02,8.336729931601220833e-02,1.061760237222392489e-01,6.288669832075012567e-02,8.561520176683831695e-02,1.119791143095208580e-01,1.823639847933037350e-01,-1.034211646698919834e-03,-5.794043199885889547e-03,-2.580259009174803390e-03,-3.947533535635230212e-02,-5.596392134667772106e-02,-1.892425294451877474e-02,-3.391921546513613356e-02,-9.027117653825090723e-03,-1.298391482889377051e-02,-1.054242752269743573e-02,-3.474464436762101770e-03,-4.976264815232783398e-03,-7.054540921311910212e-03,-6.234018156744906142e-03
8.461176585012324114e-02,7.260177415512956978e-02,1.185932324619242278e-01,9.868402674221286863e-02,6.745605981939542528e-02,5.172040834766868100e-02,9.466356897503122592e-02,8.952264935577348981e-02,3.475029233591701572e-01,8.346776516035340210e-01,8.218202585422129669e-02,9.169216909484169398e-02,6.012051125923347644e-02,1.989395479891757357e-01,9.860632325105950224e-02,-4.048499728142486952e-03,-6.728571070913767077e-03,-2.894471532094729845e-03,-6.936520370210443043e-02,-2.233014662903597125e-02,-3.335384388544038875e-02,-1.679422258002292306e-02,8.831878802693544916e-04,3.575445361827181076e-03,-4.444457292300450953e-03,-1.769866519712278569e-03,-4.321339234521031497e-03,-5.908346891415168327e-03,-3.341268146879987008e-03
1.047069455064781052e-01,8.831383316941446293e-02,1.360305770537417192e-01,9.886729506403132972e-02,8.787609167159800283e-02,2.992710467607495942e-02,8.905190312656839635e-02,8.336729931601220833e-02,8.346776516035340210e-01,3.499987380111199364e+00,9.411678567176633148e-02,9.003255812467184094e-02,3.172708472960542730e-02,1.922284452538910171e-01,4.238522711709255542e-02,-1.021531303861158112e-02,-1.518746701393060240e-03,-2.661699712588349882e-04,-1.399390977229295896e-01,1.695374044859581375e-01,-4.548287507681762071e-02,6.308681966807914987e-02,1.888648321217219900e-02,4.399270369215514676e-02,7.802401974397551836e-03,8.176101837237215175e-03,1.491347282505598414e-03,1.822462230262649396e-03,5.684951356222506941e-03
7.124886256089638104e-02,7.397985153890673793e-02,8.534873453471962523e-02,7.807370821867612443e-02,3.592889865539684868e-02,5.430166453343767546e-02,8.328750328067219266e-02,1.061760237222392489e-01,8.218202585422129669e-02,9.411678567176633148e-02,1.606434061497277466e-01,5.284921646895499037e-02,1.081803579643370317e-01,6.566106419689106410e-02,2.764891227374245974e-01,-1.704397258038414114e-04,-3.800091487448285094e-03,-2.335112913823906601e-03,-5.151470598907179760e-02,-5.479321562250401290e-02,-2.258273658361575897e-02,-3.152419124609469325e-02,-1.312034297720373471e-02,-1.826370969725657489e-02,-1.548232108881033610e-02,-3.696848305776384656e-03,-4.871067483503063733e-03,-7.061022724728295737e-03,-6.916655676964080998e-03
6.653248643111561722e-02,4.976436878491822396e-02,7.838887177858096245e-02,7.720668856934986835e-02,6.380366346919130738e-02,4.687183917310762393e-02,7.431359354165557873e-02,6.288669832075012567e-02,9.169216909484169398e-02,9.003255812467184094e-02,5.284921646895499037e-02,1.099476534647207265e-01,5.019132333919467531e-02,2.343836864196023884e-01,1.043437155222553675e-01,-2.616934863257985508e-04,-5.350492863145793650e-03,-2.450340227119903683e-03,-3.914697967114391663e-02,-4.511259614011509100e-02,-2.077893762920331872e-02,-2.663822024042447958e-02,-5.946778943358924617e-03,-9.935070534446163379e-03,-6.767680652865191472e-03,-2.633575652421928093e-03,-4.145650448121124265e-03,-5.224516720657357803e-03,-4.724137756139075613e-03
5.862103503594526255e-02,6.158508776459742373e-02,7.158899366697063504e-02,6.523640819333255403e-02,3.213983493423526461e-02,5.044313746602206716e-02,6.998659699685333413e-02,8.561520176683831695e-02,6.012051125923347644e-02,3.172708472960542730e-02,1.081803579643370317e-01,5.019132333919467531e-02,1.115346353320886552e-01,5.693809745444196324e-02,2.790735787668930379e-01,-9.621450004476405932e-04,-5.375262532705795716e-03,-2.439842370571116120e-03,-3.671563713279542285e-02,-4.696354221724209632e-02,-1.765536654579128936e-02,-2.457564660897363848e-02,-1.178195826651953944e-02,-1.488523733121218696e-02,-1.382240602127653324e-02,-3.680375118640800795e-03,-4.724835163210182494e-03,-6.595394203029326073e-03,-5.871219600435908029e-03
1.244061190715833876e-01,8.079613940238918046e-02,1.743294885749344381e-01,1.794050295528731021e-01,1.178333756518507996e-01,9.084762650845754073e-02,1.714508532921891482e-01,1.119791143095208580e-01,1.989395479891757357e-01,1.922284452538910171e-01,6.566106419689106410e-02,2.343836864196023884e-01,5.693809745444196324e-02,8.281357816015748607e-01,5.068772730756546802e-02,-4.144234396554114311e-03,-1.061837397531603319e-02,-3.200287046982404522e-03,-6.274219212198506312e-02,-9.835592955035030172e-02,-3.161312979711373983e-02,-5.219045733831966655e-02,9.707890166351037381e-03,1.345544458470110784e-03,1.436385345986188750e-02,-9.617432545500646584e-04,-3.797221103894223015e-03,-4.660456155223520122e-03,-3.884492500444809530e-03
1.223080324089014376e-01,1.313814572171673190e-01,1.438527656062758286e-01,1.300717475942924084e-01,6.662581301532830014e-02,1.089758653918542486e-01,1.418945384702228474e-01,1.823639847933037350e-01,9.860632325105950224e-02,4.238522711709255542e-02,2.764891227374245974e-01,1.043437155222553675e-01,2.790735787668930379e-01,5.068772730756546802e-02,9.978245815582065248e-01,-5.177989412551394117e-03,-1.469404714592911949e-02,-5.744221476992954559e-03,-7.752633723144279621e-02,-1.294205627015395932e-01,-3.677251893867997112e-02,-6.313616570081453938e-02,-2.351449383824604292e-02,-3.201320266967256495e-02,-2.624287199551663882e-02,-9.534161533416962708e-03,-1.095414540268266866e-02,-1.475911557330058903e-02,-1.406032242955875845e-02
-1.032886036930955476e-03,-8.115485610600394004e-04,2.275844528935487218e-04,-1.719549567818361244e-03,-9.190010056828776903e-04,-1.553437417589370378e-03,-1.017272467727456864e-03,-1.034211646698919834e-03,-4.048499728142486952e-03,-1.021531303861158112e-02,-1.704397258038414114e-04,-2.616934863257985508e-04,-9.621450004476405932e-04,-4.144234396554114311e-03,-5.177989412551394117e-03,7.250441864325245754e-03,2.537097150787263194e-03,2.232413905379130703e-04,1.612946826147828097e-02,-1.808222325009291656e-02,1.041725640966529275e-03,-4.560794178941624498e-03,-2.660824790174070274e-03,-2.609633538315722385e-03,-2.596674837238762898e-03,1.186842854843443392e-04,-8.498500908487590473e-05,-9.400228836771207285e-04,-7.663479907756018741e-04
-5.907297964933165210e-03,-5.421456171776250187e-03,-8.242410201438290021e-03,-8.839379458286280092e-03,-4.422521639847263285e-03,-5.036891214175708356e-03,-6.724036145393793434e-03,-5.794043199885889547e-03,-6.728571070913767077e-03,-1.518746701393060240e-03,-3.800091487448285094e-03,-5.350492863145793650e-03,-5.375262532705795716e-03,-1.061837397531603319e-02,-1.469404714592911949e-02,2.537097150787263194e-03,1.927151404301549395e-02,2.758281131120486878e-03,2.768150418525073056e-02,3.859402167945630985e-02,1.172643422759225319e-02,2.334047635440058416e-02,3.559748493408653076e-03,4.601025388685289590e-03,3.793364137060491453e-03,3.522925248515211116e-03,2.810805257658283152e-03,2.956015566606066524e-03,3.394111234528667323e-03
-2.642811877369418121e-03,-2.426218553312523354e-03,-2.480467928462522665e-03,-1.988405137130813596e-03,-1.727267301445463638e-03,-2.099057649981172276e-03,-2.013684979531452438e-03,-2.580259009174803390e-03,-2.894471532094729845e-03,-2.661699712588349882e-04,-2.335112913823906601e-03,-2.450340227119903683e-03,-2.439842370571116120e-03,-3.200287046982404522e-03,-5.744221476992954559e-03,2.232413905379130703e-04,2.758281131120486878e-03,3.900751752459235590e-03,4.590012312923721916e-02,1.397265442196073473e-02,1.675327963595478822e-02,1.087874117105403285e-02,5.956150331534327234e-03,6.737900295043021924e-03,7.074171280439073631e-03,3.011054993677252881e-03,3.281444562719392898e-03,3.292723701708360259e-03,3.163999964560588758e-03
-4.663798051977323389e-02,-4.182895789119410457e-02,-8.828506052291107062e-03,-3.276393746555949366e-02,-2.805760007570154771e-02,-3.156197015804138029e-02,-1.168364408103575447e-02,-3.947533535635230212e-02,-6.936520370210443043e-02,-1.399390977229295896e-01,-5.151470598907179760e-02,-3.914697967114391663e-02,-3.671563713279542285e-02,-6.274219212198506312e-02,-7.752633723144279621e-02,1.612946826147828097e-02,2.768150418525073056e-02,4.590012312923721916e-02,2.574368294616955932e+00,-6.379643008545077265e-02,7.009836980261540118e-01,6.504590982064553661e-02,2.227102979058177001e-01,2.205230041212068448e-01,2.741162266101034861e-01,6.511168928223541597e-02,6.975272430055216855e-02,7.008834326436230722e-02,6.790966070241533092e-02
-3.388180119125300260e-02,-3.513042813426738020e-02,3.089053492291081188e-03,1.899813843774394995e-02,-3.104651594576101140e-02,-4.820987276753244816e-02,2.048208859217163710e-03,-5.596392134667772106e-02,-2.233014662903597125e-02,1.695374044859581375e-01,-5.479321562250401290e-02,-4.511259614011509100e-02,-4.696354221724209632e-02,-9.835592955035030172e-02,-1.294205627015395932e-01,-1.808222325009291656e-02,3.859402167945630985e-02,1.397265442196073473e-02,-6.379643008545077265e-02,3.733636066659607344e+00,4.251703010635160540e-02,8.785102289518639251e-01,8.888400351230275886e-02,1.828707257524274377e-01,1.146740898592247399e-01,5.444092700811103969e-02,3.331634630131859870e-02,6.759131978322176215e-02,7.046118692333068478e-02
-2.214974015027381879e-02,-1.903838979480627219e-02,-1.658246875122536962e-02,-1.471805602939204802e-02,-1.382291442171589696e-02,-1.530330857964298102e-02,-1.342740323165873655e-02,-1.892425294451877474e-02,-3.335384388544038875e-02,-4.548287507681762071e-02,-2.258273658361575897e-02,-2.077893762920331872e-02,-1.765536654579128936e-02,-3.161312979711373983e-02,-3.677251893867997112e-02,1.041725640966529275e-03,1.172643422759225319e-02,1.675327963595478822e-02,7.009836980261540118e-01,4.251703010635160540e-02,2.707065626589300611e-01,5.923644554890882680e-02,7.767215994164357318e-02,7.520030365037097542e-02,8.966868038817692177e-02,2.142457788560279269e-02,2.508596494786242623e-02,2.811870024181174765e-02,2.548819975136280142e-02
-2.935602809985130360e-02,-2.836411886692043541e-02,-2.965085230175100797e-02,-2.334395486937876352e-02,-2.154147138756195776e-02,-2.504695921049687052e-02,-2.430446167893084153e-02,-3.391921546513613356e-02,-1.679422258002292306e-02,6.308681966807914987e-02,-3.152419124609469325e-02,-2.663822024042447958e-02,-2.457564660897363848e-02,-5.219045733831966655e-02,-6.313616570081453938e-02,-4.560794178941624498e-03,2.334047635440058416e-02,1.087874117105403285e-02,6.504590982064553661e-02,8.785102289518639251e-01,5.923644554890882680e-02,4.435994074036567203e-01,5.140840694952029249e-02,6.531772394744046750e-02,5.050828076735447425e-02,2.655935354422072139e-02,1.920541683305635253e-02,3.379393820388079672e-02,3.233811366651149349e-02
-1.076333792577953072e-02,-1.066877956886742689e-02,-6.853000472290821619e-03,-1.249435471367632382e-02,-3.646654776171535071e-03,-5.887824736291709729e-03,-6.556638169414222284e-03,-9.027117653825090723e-03,8.831878802693544916e-04,1.888648321217219900e-02,-1.312034297720373471e-02,-5.946778943358924617e-03,-1.178195826651953944e-02,9.707890166351037381e-03,-2.351449383824604292e-02,-2.660824790174070274e-03,3.559748493408653076e-03,5.956150331534327234e-03,2.227102979058177001e-01,8.888400351230275886e-02,7.767215994164357318e-02,5.140840694952029249e-02,6.998420227555340878e-02,6.534819099569323664e-02,7.843195884120830741e-02,1.247421930082092192e-02,1.307474491631754714e-02,1.705592164336908190e-02,1.762729569599826712e-02
-1.375092258746368930e-02,-1.313013434223811102e-02,-8.315326847461888479e-03,-1.504269654136924060e-02,-5.453785020804422477e-03,-7.619684452291241618e-03,-8.378315605559415874e-03,-1.298391482889377051e-02,3.575445361827181076e-03,4.399270369215514676e-02,-1.826370969725657489e-02,-9.935070534446163379e-03,-1.488523733121218696e-02,1.345544458470110784e-03,-3.201320266967256495e-02,-2.609633538315722385e-03,4.601025388685289590e-03,6.737900295043021924e-03,2.205230041212068448e-01,1.828707257524274377e-01,7.520030365037097542e-02,6.531772394744046750e-02,6.534819099569323664e-02,9.201271044548603451e-02,8.444035500212457301e-02,1.378277775990485211e-02,1.490724094025537398e-02,1.931423789890687054e-02,1.962924460568507903e-02
-1.270741802922031871e-02,-1.259078210339658298e-02,-8.351449032265248137e-03,-1.500513554455928066e-02,-3.983872695797102507e-03,-6.686181130481125279e-03,-7.418033892317495159e-03,-1.054242752269743573e-02,-4.444457292300450953e-03,7.802401974397551836e-03,-1.548232108881033610e-02,-6.767680652865191472e-03,-1.382240602127653324e-02,1.436385345986188750e-02,-2.624287199551663882e-02,-2.596674837238762898e-03,3.793364137060491453e-03,7.074171280439073631e-03,2.741162266101034861e-01,1.146740898592247399e-01,8.966868038817692177e-02,5.050828076735447425e-02,7.843195884120830741e-02,8.444035500212457301e-02,9.992815522971297548e-02,1.450783903150918916e-02,1.569583023454198395e-02,1.968594750313060887e-02,2.036955487530061476e-02
-3.474099642383396934e-03,-3.388847136928193129e-03,-3.030279994910650698e-03,-2.503719722432847655e-03,-1.737643911796857938e-03,-2.742727140809743131e-03,-2.444960568867340749e-03,-3.474464436762101770e-03,-1.769866519712278569e-03,8.176101837237215175e-03,-3.696848305776384656e-03,-2.633575652421928093e-03,-3.680375118640800795e-03,-9.617432545500646584e-04,-9.534161533416962708e-03,1.186842854843443392e-04,3.522925248515211116e-03,3.011054993677252881e-03,6.511168928223541597e-02,5.444092700811103969e-02,2.142457788560279269e-02,2.655935354422072139e-02,1.247421930082092192e-02,1.378277775990485211e-02,1.450783903150918916e-02,1.779149024742992732e-02,5.765018860327059819e-03,6.273160693013048704e-03,6.896268109564116129e-03
-5.047100729878218305e-03,-4.928542861760053240e-03,-4.579220004789888269e-03,-4.746187460164326584e-03,-2.954821357218577471e-03,-3.592457691404383688e-03,-4.543034861699555074e-03,-4.976264815232783398e-03,-4.321339234521031497e-03,1.491347282505598414e-03,-4.871067483503063733e-03,-4.145650448121124265e-03,-4.724835163210182494e-03,-3.797221103894223015e-03,-1.095414540268266866e-02,-8.498500908487590473e-05,2.810805257658283152e-03,3.281444562719392898e-03,6.975272430055216855e-02,3.331634630131859870e-02,2.508596494786242623e-02,1.920541683305635253e-02,1.307474491631754714e-02,1.490724094025537398e-02,1.569583023454198395e-02,5.765018860327059819e-03,1.137016360371731656e-02,7.068070468524234248e-03,5.742245103825292102e-03
-6.298104674175442584e-03,-6.253936435440954865e-03,-6.251652844902732750e-03,-6.032928203654783043e-03,-3.823877495324768012e-03,-4.986703844407748033e-03,-5.159468924105447933e-03,-7.054540921311910212e-03,-5.908346891415168327e-03,1.822462230262649396e-03,-7.061022724728295737e-03,-5.224516720657357803e-03,-6.595394203029326073e-03,-4.660456155223520122e-03,-1.475911557330058903e-02,-9.400228836771207285e-04,2.956015566606066524e-03,3.292723701708360259e-03,7.008834326436230722e-02,6.759131978322176215e-02,2.811870024181174765e-02,3.379393820388079672e-02,1.705592164336908190e-02,1.931423789890687054e-02,1.968594750313060887e-02,6.273160693013048704e-03,7.068070468524234248e-03,1.124553650073543271e-02,9.123554423270969355e-03
-5.446081933400927048e-03,-5.428945171601274981e-03,-4.232126760239423614e-03,-5.462245305925806510e-03,-3.300645998145795672e-03,-4.365751367317082313e-03,-3.673097443171574692e-03,-6.234018156744906142e-03,-3.341268146879987008e-03,5.684951356222506941e-03,-6.916655676964080998e-03,-4.724137756139075613e-03,-5.871219600435908029e-03,-3.884492500444809530e-03,-1.406032242955875845e-02,-7.663479907756018741e-04,3.394111234528667323e-03,3.163999964560588758e-03,6.790966070241533092e-02,7.046118692333068478e-02,2.548819975136280142e-02,3.233811366651149349e-02,1.762729569599826712e-02,1.962924460568507903e-02,2.036955487530061476e-02,6.896268109564116129e-03,5.742245103825292102e-03,9.123554423270969355e-03,1.156884248191096011e-02
